0 0 0 0 0 0
1 1 -1 1 1 -1
2 0 0 0 0 -2
3 1 1 -1 -1 -3
4 0 2 0 0 -4
5 -1 1 1 -1 -3
6 0 0 0 -2 -4
7 -1 1 1 -3 -3
8 0 0 2 -4 -2
9 1 1 1 -5 -3
10 0 0 0 -6 -2
11 1 -1 1 -5 -1
12 2 -2 2 -6 0
13 3 -3 1 -5 -1
14 4 -2 0 -6 -2
15 3 -3 -1 -7 -1
16 2 -4 0 -8 -2
17 1 -5 1 -9 -1
18 2 -4 0 -10 0
19 1 -5 1 -9 1
20 0 -4 2 -10 0
21 1 -3 1 -11 -1
22 2 -2 2 -10 -2
23 1 -3 3 -9 -1
24 0 -4 4 -8 -2
25 1 -3 5 -7 -3
26 0 -4 6 -8 -4
27 -1 -5 5 -7 -5
28 0 -4 4 -8 -6
29 1 -3 5 -9 -5
30 2 -2 6 -8 -6
31 3 -3 7 -7 -7
32 2 -4 6 -8 -8
33 1 -3 5 -9 -9
34 0 -2 4 -8 -8
35 -1 -1 5 -9 -7
36 0 0 4 -8 -8
37 1 -1 3 -7 -9
38 2 0 2 -8 -10
39 3 -1 3 -9 -9
40 4 -2 2 -10 -8
41 3 -3 1 -11 -7
42 4 -4 0 -12 -6
43 3 -5 1 -13 -7
44 4 -6 2 -12 -8
45 5 -7 1 -11 -7
46 6 -8 0 -12 -8
47 5 -7 1 -11 -9
48 6 -6 0 -10 -8
49 7 -5 -1 -11 -9
50 6 -6 -2 -12 -10
51 7 -5 -3 -11 -11
52 8 -4 -2 -10 -10
53 9 -5 -3 -9 -9
54 10 -4 -4 -8 -10
55 9 -5 -5 -7 -11
56 8 -6 -6 -8 -12
57 7 -5 -7 -7 -13
58 6 -6 -8 -6 -12
59 7 -7 -7 -7 -11
60 8 -8 -6 -8 -12
61 7 -9 -7 -7 -13
62 8 -10 -6 -6 -12
63 9 -11 -5 -7 -13
64 10 -12 -6 -6 -14
65 9 -13 -5 -7 -13
66 8 -14 -6 -8 -14
67 7 -13 -5 -7 -13
68 6 -12 -6 -6 -14
69 7 -13 -7 -5 -15
70 8 -14 -8 -4 -14
71 7 -13 -7 -5 -13
72 8 -14 -8 -6 -14
73 9 -15 -9 -7 -13
74 10 -14 -10 -6 -12
75 11 -15 -9 -7 -13
76 10 -14 -8 -8 -12
77 9 -13 -9 -9 -11
78 8 -12 -8 -8 -12
79 9 -11 -9 -9 -13
80 8 -10 -8 -10 -14
81 7 -11 -9 -9 -15
82 6 -10 -8 -10 -16
83 7 -11 -9 -9 -15
84 6 -12 -8 -8 -16
85 7 -11 -9 -7 -17
86 8 -10 -10 -6 -18
87 9 -11 -9 -7 -19
88 8 -10 -10 -8 -20
89 7 -9 -11 -7 -21
90 6 -10 -10 -6 -22
91 7 -9 -11 -7 -21
92 6 -8 -12 -6 -22
93 5 -9 -11 -5 -23
94 4 -8 -10 -6 -24
95 5 -7 -9 -5 -25
96 6 -8 -8 -6 -26
97 7 -9 -7 -7 -27
98 6 -8 -8 -8 -26
99 5 -9 -7 -7 -27
100 4 -10 -8 -6 -28
101 5 -11 -7 -7 -27
102 6 -10 -6 -8 -28
103 5 -11 -5 -7 -29
104 6 -10 -4 -8 -30
105 7 -9 -3 -7 -29
106 8 -10 -4 -8 -28
107 9 -9 -5 -9 -29
108 10 -8 -4 -8 -30
109 9 -9 -5 -9 -29
110 8 -10 -6 -10 -28
111 9 -9 -7 -11 -29
112 8 -8 -6 -12 -30
113 9 -7 -5 -13 -29
114 8 -8 -4 -12 -28
115 7 -7 -5 -11 -27
116 8 -6 -6 -12 -26
117 9 -5 -7 -13 -27
118 10 -4 -6 -12 -28
119 11 -3 -5 -13 -27
120 12 -2 -6 -14 -28
121 11 -1 -7 -15 -27
122 12 -2 -8 -14 -26
123 11 -3 -9 -15 -25
124 10 -2 -8 -16 -24
125 9 -3 -7 -15 -25
126 10 -4 -8 -16 -26
127 9 -5 -7 -17 -25
128 10 -4 -8 -18 -26
129 9 -5 -9 -17 -27
130 10 -6 -8 -16 -28
131 9 -5 -7 -15 -27
132 10 -4 -6 -16 -28
133 11 -3 -5 -15 -29
134 10 -4 -4 -16 -30
135 9 -5 -3 -17 -29
136 8 -6 -2 -18 -30
137 9 -7 -1 -19 -29
138 8 -6 0 -20 -28
139 7 -5 -1 -21 -29
140 8 -4 0 -22 -30
141 9 -3 1 -23 -31
142 8 -2 0 -24 -30
143 9 -3 -1 -25 -29
144 8 -4 -2 -26 -30
145 7 -3 -1 -25 -29
146 6 -2 0 -26 -28
147 7 -3 -1 -27 -27
148 8 -2 -2 -26 -26
149 9 -1 -1 -27 -25
150 8 0 0 -26 -26
151 9 1 -1 -25 -25
152 10 2 -2 -24 -26
153 11 1 -1 -23 -25
154 10 0 -2 -24 -26
155 11 1 -3 -25 -25
156 12 2 -4 -26 -24
157 13 3 -5 -25 -23
158 14 4 -6 -24 -22
159 15 3 -7 -23 -23
160 16 4 -8 -24 -24
161 15 3 -9 -23 -23
162 14 4 -10 -24 -22
163 15 3 -9 -25 -23
164 16 2 -10 -24 -24
165 17 3 -9 -23 -23
166 18 4 -8 -22 -24
167 17 5 -7 -21 -25
168 18 6 -6 -22 -26
169 17 5 -7 -21 -25
170 18 4 -8 -22 -26
171 19 5 -9 -21 -25
172 18 4 -8 -22 -26
173 17 5 -7 -21 -27
174 16 4 -8 -20 -26
175 17 5 -9 -21 -25
176 18 6 -8 -22 -26
177 17 7 -9 -23 -27
178 16 8 -10 -24 -26
179 17 7 -9 -23 -25
180 16 6 -10 -24 -26
181 17 5 -11 -23 -27
182 16 6 -10 -22 -26
183 15 5 -9 -21 -27
184 14 4 -8 -22 -26
185 13 5 -7 -23 -25
186 14 6 -8 -24 -24
187 13 5 -9 -23 -23
188 14 6 -10 -24 -24
189 13 5 -9 -23 -25
190 14 6 -8 -24 -24
191 13 5 -9 -25 -23
192 14 6 -10 -26 -22
193 13 5 -9 -27 -23
194 14 6 -10 -26 -22
195 13 5 -9 -27 -23
196 14 6 -10 -26 -22
197 13 7 -9 -25 -21
198 14 6 -10 -24 -22
199 15 7 -11 -23 -21
